x[0]=2.14286
x[1]=-1
x[2]=1.28571
